(brown, ((2, 99, 95), (10, 151, 138)))
(skin, ((4, 94, 228), (8, 107, 240)))
(blue, ((102, 103, 163), (108, 115, 179)))
(shamrock_green, ((48, 116, 120), (51, 129, 131)))
(iris_purple, ((134, 53, 87), (152, 88, 196)))
(turquoise_blue, ((83, 146, 219), (85, 178, 233)))

(orange, ((9, 186, 250), (12, 213, 255)))
(cobalt_blue, ((124, 153, 172), (126, 166, 181)))
(rose, ((169, 208, 239), (174, 254, 255)))
(boysenberry_purple, ((150, 30, 42), (154, 255, 109)))
(green, ((72, 255, 180), (73, 255, 186)))
(honey, ((17, 191, 242), (20, 221, 255)))

(admiral_blue, ((126, 230, 133), (129, 255, 148)))
(chartreuse_green, ((39, 168, 217), (41, 183, 226)))
(crimson_red, ((173, 255, 219), (174, 255, 229)))
(yellow, ((25, 212, 234), (27, 221, 250)))
(pink, ((160, 255, 229), (162, 255, 250)))
(butterfly_blue, ((93, 255, 173), (96, 255, 184)))

(white, ((3, 4, 236), (176, 13, 242)))
(cloud_grey, ((0, 2, 209), (174, 9, 216)))
(coin_grey, ((0, 0, 176), (45, 6, 179)))
(grey, ((4, 8, 121), (15, 14, 128)))
(graphite_grey, ((0, 0, 57), (21, 17, 78), (157, 0, 57), (171, 17, 78)))
(black, ((0, 0, 0), (180, 255, 30)))
